  EMS0044      10.91749     34.42352    121.11111    -28.42072    163.74054          0     16.75069
  EMS0055      12.90408    -62.71276    302.89688    -54.41553    158.67787          0      9.14921
  EMS0063      15.23883    -64.39970    301.23584    -52.69724    142.65154          0     16.84257
  EMS0071      16.48612     48.85096    125.39049    -13.95149    377.49118          0     15.27366
  EMS0223      53.63011    -37.48529    240.24348    -54.32396    228.07767          0     17.90796
  EMS0230      55.10517     41.51456    153.78754    -11.01641    227.50029          0     15.01012
  EMS0355      80.88480    -25.50743    228.25084    -29.79683    242.85880          0     12.22065
  EMS0366      82.81345    -67.22498    277.36371    -32.58334    165.16351          0     24.00090
  EMS0374      83.85385     -5.66620    209.28958    -19.47738    228.35257          0     10.84426
  EMS0430      95.58960     37.91829    175.80368     11.03314    126.00430          0      9.63515
  EMS0476     106.88620     77.66171    136.81262     27.31022    120.02800          0     13.84285
  EMS0690     160.14412      6.30352    240.76434     52.59349    173.44899          0     23.35722
  EMS0701     163.62103     22.18000    217.03735     63.03404    205.52060          0     20.54539
  EMS0729     169.97498    -22.08506    276.46909     36.03895    213.98079          0     19.98889
  EMS0798     185.34946     -6.57277    289.67255     55.52369    102.60579          0     14.24314
  EMS0808     186.96782    -48.86693    298.94507     13.82225    292.46042          0     11.71393
  EMS0841     195.59685    -32.92685    305.58258     29.88849    115.23988          0     10.00615
  EMS0851     196.94388    -42.97551    306.10739     19.79544    122.57914          0      8.71423
  EMS0857     198.13826      0.80629    314.70328     63.19438    219.22372          0     10.98930
  EMS0873     200.79497     29.70805     55.07726     82.56123    153.32172          0      4.90463
  EMS0949     220.30139      6.25643    359.25342     56.59827    175.14862          0     16.84504
  EMS1060     246.32614     -0.32090     13.94791     31.81886    256.89233          0      8.79551
  EMS1089     250.89838     -6.78244     10.67503     24.45364    124.82419          0     12.13618
  EMS1164     265.95642    -76.33810    317.08627    -22.45548    239.00572          0      7.72055
  EMS1185     268.57581     32.21551     57.75712     25.39524    251.62303          0     18.72010
  EMS1202     272.61938     17.72540     44.61074     16.82969    115.28336          0      6.27353
  EMS1203     272.84344     16.17994     43.23008     16.00477    102.77113          0     22.72716
  EMS1210     274.16022     45.18149     72.83797     24.72903    140.97495          0     12.93730
  EMS1274     285.52454    -51.16278    345.58667    -22.40395    227.22252          0     12.36094
  EMS1302     291.80829     61.87784     93.29385     19.68795    181.37654          0     15.01896
  EMS1304     292.17181     -5.13784     32.57030    -10.61883    174.21631          0     13.51689
  EMS1331     299.49380     50.56425     84.61884     10.97252    297.84885          0      9.49109
  EMS1337     300.00183    -47.48692    351.73694    -30.88959    100.59338          0     15.21205
  EMS1341     301.13046     70.06535    102.84668     19.48315    160.56737          0     15.38216
  EMS1362     304.34253      6.05745     48.62543    -16.02178    609.59998          0     13.26547
  EMS1388     309.88843    -56.31194    341.23358    -37.13879    177.16928          0      5.62411
  EMS1395     310.81970     17.17254     61.89347    -15.31052    389.87396          0      7.00964
  EMS1434     318.13220    -30.72623     14.90680    -42.43666    170.77266          0     16.49794
  EMS1466     326.70956    -13.75383     40.67519    -45.01523    126.06728          0     11.54183
  EMS1515     340.47626    -52.60719    337.43161    -54.95430    632.56494          0     10.46376
  EMS1535     345.70480     44.73076    103.41240    -13.98495    667.20935          0     15.42359
  EMS1556     352.22797     37.95251    105.48167    -22.10674    107.60950          0      8.57895
  EMS1567     354.93399     -5.51794     81.43196    -62.46260    572.98383          0     15.27287
  EMS1575     358.73907    -52.77699    321.42694    -62.27600    131.66737          0      7.29059
